[ParaInit]
LatInit=29.5858
LonInit=115.9875
VelInit=0
HeadingInit=0
[CaliPara]
BGX=-0.0345
BGY=0.1
BGZ=-0.025
KGX =1.685397531
KGY =-1.685453486
KGZ =1.685649132
UGXY =7.77
UGXZ =2.313
UGYX =0
UGYZ =0.124
UGZX =0
UGZY =0
BAX =0
BAY =-14.6
BAZ =-2.265
KAX =-1128.726477
KAY =1136.376924
KAZ =-1023.399104
UAXY =-3.47
UAXZ =1.71
UAYX =3.742
UAYZ =10.57
UAZX =-2.422
UAZY =-6.574
BGE=0
BGN=0
BGU=0
[AttiZero]
SysR0=0
SysP0=0
SysH0=0
ImuR0=0
ImuP0=0
ImuH0=0
OutR0=0
OutP0=0
OutH0=0
[LeverArm]
X1=-0.17
Y1=-0.18
Z1=-2.73
X2=0.17
Y2=-2.90
Z2=-2.61
X3=0
Y3=0
Z3=0
X4=0
Y4=0
Z4=0
X5=0
Y5=0
Z5=0
X6=0
Y6=0
Z6=0
[TempCoef]
BGXB0=0
BGYB0=0
BGZB0=0
BGXB1=0
BGYB1=0
BGZB1=0
BGXB2=0
BGYB2=0
BGZB2=0
BGXB3=0
BGYB3=0
BGZB3=0
BAXB0=0
BAYB0=0
BAZB0=0
BAXB1=0
BAYB1=0
BAZB1=0
BAXB2=0
BAYB2=0
BAZB2=0
BAXB3=0
BAYB3=0
BAZB3=0
